0 1
1 0
2 1
3 1
4 1
5 0
6 1
7 1
8 0
9 0
10 1
11 1
12 1
13 0
14 0
15 1
16 0
17 0
18 1
19 1
20 0
21 1
22 0
23 0
24 0
25 1
26 0
27 1
28 1
29 1
30 0
31 0
32 0
33 0
34 0
35 0
36 0
37 0
38 0
39 1
40 1
41 1
42 0
43 0
44 0
45 1
46 0
47 0
48 1
49 1
50 1
51 0
52 1
53 0
54 1
55 0
56 1
57 0
58 0
59 1
60 0
61 0
62 0
63 1
64 1
65 1
66 1
67 0
68 1
69 0
70 1
71 0
72 0
73 1
74 0
75 0
76 1
77 0
78 1
79 1
80 0
81 0
82 0
83 0
84 1
85 0
86 1
87 1
88 1
89 0
90 1
91 1
92 0
93 1
94 0
95 1
96 0
97 0
98 0
99 1
100 0
101 1
102 0
103 0
104 1
105 1
106 1
107 1
108 1
109 1
110 1
111 0
112 0
113 0
114 0
115 1
116 0
117 0
118 0
119 0
120 0
121 0
122 1
123 1
124 0
125 0
126 1
127 0
128 0
129 1
130 1
131 0
132 0
133 0
134 1
135 1
136 1
137 1
138 1
139 1
140 1
141 0
142 1
143 0
144 1
145 0
146 0
147 1
148 0
149 1
150 0
151 0
152 0
153 0
154 1
155 1
156 1
157 1
158 0
159 0
160 0
161 0
162 1
163 1
164 1
165 1
166 0
167 1
168 1
169 0
170 1
171 0
172 1
173 0
174 0
175 0
176 1
177 1
178 1
179 1
180 1
181 1
182 0
183 0
184 0
185 0
186 1
187 1
188 1
189 1
190 0
191 0
192 1
193 0
194 0
195 1
196 0
197 0
198 1
199 1
200 1
201 1
202 0
203 0
204 1
205 0
206 1
207 0
208 1
209 1
210 0
211 0
212 1
213 0
214 0
215 1
216 1
217 0
218 0
219 1
220 1
221 0
222 1
223 0
224 0
225 1
226 1
227 0
228 1
229 1
230 1
231 1
232 1
233 1
234 0
235 1
236 0
237 1
238 1
239 1
240 0
241 0
242 1
243 1
244 0
245 0
246 0
247 0
248 0
249 1
250 0
251 0
252 1
253 1
254 1
255 1
256 1
257 0
258 0
259 0
260 0
261 1
262 1
263 0
264 1
265 1
266 0
267 0
268 0
269 1
270 0
271 1
272 0
273 1
274 1
275 1
276 1
277 1
278 1
279 1
280 0
281 0
282 0
283 1
284 1
285 0
286 1
287 0
288 0
289 1
290 0
291 1
292 0
293 0
294 0
295 0
296 1
297 1
298 1
299 0
300 0
301 1
302 1
303 1
304 0
305 0
306 1
307 0
308 1
309 0
310 1
311 1
312 1
313 0
314 0
315 0
316 1
317 1
318 1
319 1
320 0
321 0
322 1
323 1
324 0
325 0
326 0
327 1
328 0
329 0
330 1
331 1
332 1
333 1
334 1
335 0
336 1
337 0
338 0
339 0
340 1
341 0
342 0
343 1
344 0
345 1
346 1
347 0
348 0
349 0
350 0
351 0
352 0
353 0
354 0
355 1
356 0
357 0
358 1
359 1
360 0
361 1
362 1
363 0
364 0
365 1
366 0
367 0
368 1
369 1
370 0
371 0
372 0
373 1
374 0
375 1
376 1
377 0
378 1
379 0
380 0
381 1
382 1
383 1
384 0
385 1
386 0
387 1
388 0
389 0
390 1
391 0
392 1
393 1
394 1
395 0
396 1
397 0
398 0
399 1
400 1
401 1
402 0
403 1
404 1
405 1
406 1
407 0
408 0
409 1
410 1
411 0
412 0
413 0
414 1
415 0
416 1
417 0
418 0
419 0
420 0
421 0
422 0
423 0
424 1
425 1
426 1
427 0
428 0
429 0
430 1
431 0
432 0
433 1
434 0
435 0
436 0
437 0
438 0
439 0
440 1
441 0
442 0
443 1
444 1
445 0
446 0
447 0
448 0
449 0
450 0
451 0
452 0
453 1
454 0
455 0
456 1
457 1
458 1
459 0
460 0
461 0
462 1
463 1
464 1
465 0
466 0
467 1
468 1
469 0
470 0
471 1
472 1
473 0
474 0
475 1
476 1
477 1
478 1
479 0
480 1
481 1
482 0
483 1
484 1
485 0
486 1
487 1
488 1
489 1
490 1
491 0
492 1
493 1
494 0
495 1
496 1
497 1
498 0
499 1
500 1
501 0
502 0
503 0
504 0
505 0
506 0
507 1
508 1
509 1
510 1
511 0
512 1
513 1
514 0
515 1
516 0
517 1
518 1
519 1
520 1
521 0
522 0
523 0
524 0
525 1
526 0
527 1
528 1
529 1
530 0
531 1
532 1
533 0
534 1
535 0
536 0
537 1
538 0
539 1
540 1
541 0
542 1
543 0
544 1
545 0
546 0
547 0
548 0
549 0
550 0
551 0
552 1
553 0
554 0
555 0
556 1
557 1
558 1
559 0
560 0
561 0
562 1
563 0
564 1
565 1
566 1
567 1
568 0
569 0
570 1
571 0
572 0
573 1
574 1
575 1
576 1
577 1
578 1
579 0
580 0
581 0
582 1
583 0
584 1
585 1
586 0
587 1
588 1
589 0
590 0
591 0
592 1
593 0
594 1
595 1
596 1
597 1
598 1
599 0
600 0
601 1
602 0
603 0
604 1
605 0
606 1
607 0
608 1
609 1
610 0
611 1
612 0
613 0
614 1
615 1
616 0
617 1
618 0
619 1
620 0
621 0
622 0
623 1
624 1
625 1
626 1
627 0
628 0
629 1