0 1
1 0
2 1
3 1
4 1
5 1
6 0
7 0
8 1
9 0
10 1
11 1
12 1
13 0
14 0
15 1
16 1
17 0
18 0
19 1
20 1
21 1
22 0
23 1
24 1
25 1
26 0
27 1
28 1
29 1
30 1
31 0
32 0
33 1
34 1
35 1
36 1
37 1
38 0
39 0
40 0
41 1
42 1
43 1
44 0
45 1
46 0
47 1
48 1
49 1
50 0
51 1
52 1
53 0
54 1
55 0
56 1
57 1
58 1
59 1
60 0
61 1
62 0
63 0
64 0
65 0
66 1
67 1
68 1
69 0
70 1
71 0
72 0
73 1
74 0
75 0
76 1
77 1
78 0
79 0
80 1
81 0
82 0
83 0
84 1
85 1
86 1
87 1
88 1
89 1
90 1
91 0
92 0
93 0
94 1
95 1
96 1
97 1
98 1
99 1
100 0
101 1
102 1
103 1
104 1
105 1
106 1
107 1
108 1
109 1
110 1
111 1
112 0
113 0
114 0
115 0
116 1
117 0
118 0
119 0
120 0
121 0
122 1
123 1
124 1
125 0
126 1
127 1
128 1
129 0
130 1
131 0
132 0
133 1
134 1
135 1
136 1
137 1
138 1
139 1
140 1
141 1
142 1
143 0
144 1
145 0
146 1
147 1
148 1
149 1
150 1
151 1
152 0
153 0
154 0
155 0
156 1
157 1
158 1
159 0
160 1
161 0
162 1
163 0
164 1
165 1
166 1
167 0
168 1
169 1
170 1
171 1
172 1
173 1
174 0
175 1
176 1
177 1
178 1
179 1
180 1
181 1
182 0
183 1
184 1
185 1
186 1
187 1
188 1
189 1
190 1
191 0
192 1
193 0
194 1
195 1
196 0
197 0
198 1
199 1
200 1
201 1
202 1
203 1
204 1
205 1
206 1
207 1
208 1
209 1
210 1
211 0
212 0
213 1
214 0
215 1
216 1
217 1
218 0
219 1
220 1
221 0
222 1
223 0
224 0
225 1
226 1
227 1
228 1
229 1
230 0
231 1
232 1
233 0
234 1
235 1
236 1
237 1
238 1
239 1
240 0
241 1
242 1
243 1
244 0
245 1
246 1
247 1
248 1
249 0
250 0
251 0
252 1
253 1
254 1
255 1
256 1
257 0
258 1
259 0
260 0
261 1
262 1
263 1
264 0
265 1
266 0
267 0
268 1
269 1
270 0
271 1
272 1
273 1
274 0
275 1
276 1
277 1
278 1
279 1
280 1
281 0
282 0
283 1
284 1
285 0
286 1
287 1
288 0
289 0
290 1
291 1
292 0
293 0
294 1
295 1
296 0
297 1
298 1
299 1
300 0
301 1
302 1
303 1
304 1
305 0
306 1
307 0
308 1
309 1
310 1
311 1
312 1
313 1
314 1
315 0
316 1
317 1
318 1
319 1
320 0
321 1
322 1
323 1
324 0
325 1
326 0
327 1
328 1
329 0
330 0
331 1
332 1
333 1
334 1
335 0
336 1
337 1
338 1
339 0
340 1
341 0
342 1
343 1
344 1
345 1
346 1
347 1
348 1
349 1
350 0
351 1
352 0
353 0
354 1
355 1
356 0
357 1
358 0
359 1
360 0
361 0
362 0
363 0
364 1
365 1
366 0
367 1
368 1
369 1
370 0
371 1
372 1
373 1
374 1
375 1
376 1
377 0
378 1
379 1
380 0
381 1
382 1
383 1
384 0
385 1
386 1
387 1
388 0
389 1
390 1
391 1
392 1
393 0
394 1
395 1
396 1
397 1
398 1
399 0
400 0
401 1
402 1
403 1
404 1
405 0
406 1
407 0
408 1
409 1
410 0
411 0
412 0
413 0
414 1
415 0
416 1
417 1
418 0
419 0
420 1
421 0
422 1
423 1
424 1
425 1
426 1
427 1
428 1
429 0
430 1
431 0
432 0
433 1
434 1
435 1
436 0
437 1
438 0
439 1
440 1
441 0
442 0
443 1
444 1
445 1
446 0
447 0
448 1
449 1
450 0
451 1
452 1
453 1
454 1
455 1
456 1
457 1
458 1
459 1
460 0
461 1
462 1
463 1
464 1
465 1
466 1
467 1
468 0
469 1
470 0
471 1
472 1
473 1
474 1
475 1
476 1
477 1
478 0
479 1
480 1
481 0
482 1
483 1
484 1
485 0
486 1
487 1
488 1
489 1
490 0
491 1
492 1
493 1
494 1
495 0
496 1
497 1
498 1
499 1
500 0
501 1
502 0
503 1
504 1
505 1
506 0
507 1
508 1
509 1
510 1
511 1
512 1
513 1
514 0
515 1
516 0
517 0
518 1
519 1
520 1
521 1
522 1
523 0
524 0
525 1
526 0
527 1
528 1
529 1
530 0
531 0
532 1
533 1
534 0
535 1
536 0
537 0
538 0
539 0
540 1
541 1
542 1
543 1
544 1
545 1
546 1
547 1
548 0
549 0
550 1
551 1
552 1
553 1
554 0
555 1
556 1
557 1
558 0
559 1
560 1
561 1
562 0
563 1
564 1
565 1
566 1
567 1
568 1
569 1
570 1
571 0
572 1
573 1
574 1
575 0
576 1
577 1
578 1
579 1
580 0
581 0
582 1
583 0
584 1
585 1
586 1
587 1
588 1
589 0
590 0
591 1
592 0
593 0
594 1
595 1
596 1
597 1
598 1
599 1
600 1
601 1
602 1
603 1
604 1
605 1
606 1
607 0
608 1
609 1
610 1
611 1
612 0
613 0
614 1
615 1
616 1
617 1
618 1
619 0
620 1
621 0
622 1
623 1
624 1
625 1
626 1
627 0
628 1
629 0