0 0
1 1
2 1
3 1
4 1
5 0
6 1
7 0
8 1
9 0
10 1
11 1
12 1
13 0
14 1
15 1
16 0
17 1
18 0
19 1
20 1
21 1
22 0
23 0
24 0
25 1
26 0
27 1
28 1
29 1
30 0
31 0
32 1
33 0
34 1
35 1
36 1
37 0
38 0
39 1
40 0
41 1
42 1
43 0
44 0
45 1
46 0
47 1
48 1
49 1
50 0
51 0
52 1
53 0
54 1
55 0
56 1
57 1
58 0
59 1
60 0
61 1
62 0
63 1
64 1
65 0
66 1
67 1
68 1
69 0
70 1
71 0
72 1
73 1
74 1
75 0
76 1
77 0
78 1
79 0
80 1
81 0
82 0
83 0
84 1
85 1
86 1
87 1
88 1
89 0
90 1
91 1
92 0
93 1
94 0
95 1
96 1
97 1
98 1
99 1
100 1
101 1
102 0
103 0
104 1
105 1
106 1
107 1
108 1
109 1
110 1
111 0
112 0
113 1
114 0
115 0
116 1
117 0
118 1
119 1
120 0
121 0
122 1
123 1
124 1
125 1
126 1
127 1
128 1
129 0
130 1
131 0
132 1
133 0
134 0
135 1
136 1
137 0
138 1
139 1
140 1
141 0
142 1
143 0
144 1
145 0
146 1
147 1
148 0
149 1
150 1
151 1
152 0
153 0
154 0
155 1
156 1
157 1
158 0
159 0
160 0
161 0
162 1
163 0
164 0
165 1
166 0
167 1
168 1
169 1
170 1
171 1
172 1
173 0
174 0
175 0
176 1
177 1
178 1
179 1
180 1
181 1
182 0
183 0
184 0
185 1
186 1
187 1
188 1
189 1
190 1
191 0
192 0
193 0
194 1
195 1
196 1
197 0
198 1
199 1
200 1
201 1
202 1
203 1
204 1
205 1
206 1
207 0
208 1
209 1
210 0
211 0
212 1
213 1
214 0
215 0
216 1
217 0
218 1
219 1
220 1
221 0
222 1
223 0
224 0
225 1
226 1
227 1
228 0
229 0
230 0
231 1
232 1
233 0
234 1
235 1
236 1
237 1
238 1
239 1
240 0
241 0
242 1
243 1
244 0
245 0
246 1
247 0
248 0
249 0
250 0
251 0
252 1
253 1
254 1
255 1
256 1
257 1
258 1
259 1
260 1
261 1
262 1
263 1
264 1
265 1
266 0
267 0
268 1
269 1
270 1
271 1
272 1
273 1
274 0
275 1
276 1
277 1
278 1
279 1
280 1
281 1
282 0
283 1
284 1
285 0
286 0
287 1
288 1
289 0
290 0
291 0
292 0
293 1
294 1
295 1
296 0
297 0
298 1
299 0
300 0
301 1
302 1
303 0
304 0
305 1
306 1
307 0
308 0
309 1
310 0
311 1
312 1
313 0
314 1
315 1
316 1
317 1
318 0
319 1
320 0
321 1
322 1
323 1
324 0
325 0
326 0
327 1
328 0
329 0
330 0
331 1
332 1
333 1
334 1
335 1
336 1
337 1
338 0
339 0
340 1
341 0
342 0
343 1
344 0
345 1
346 1
347 0
348 0
349 0
350 0
351 1
352 1
353 0
354 0
355 1
356 1
357 1
358 0
359 1
360 0
361 0
362 0
363 0
364 1
365 1
366 1
367 0
368 1
369 1
370 1
371 0
372 1
373 1
374 0
375 0
376 1
377 1
378 1
379 1
380 0
381 1
382 1
383 1
384 0
385 1
386 1
387 1
388 1
389 0
390 1
391 1
392 0
393 1
394 1
395 1
396 1
397 0
398 0
399 1
400 1
401 1
402 0
403 1
404 1
405 1
406 1
407 0
408 1
409 1
410 1
411 0
412 0
413 0
414 1
415 1
416 1
417 0
418 0
419 0
420 1
421 0
422 0
423 0
424 1
425 1
426 1
427 0
428 1
429 1
430 1
431 0
432 0
433 1
434 1
435 0
436 0
437 1
438 0
439 0
440 1
441 0
442 0
443 1
444 1
445 0
446 1
447 0
448 0
449 0
450 0
451 1
452 0
453 1
454 0
455 1
456 1
457 1
458 1
459 0
460 0
461 1
462 0
463 1
464 1
465 1
466 0
467 0
468 0
469 1
470 0
471 1
472 1
473 1
474 1
475 0
476 1
477 1
478 1
479 0
480 1
481 0
482 0
483 1
484 1
485 1
486 1
487 0
488 0
489 1
490 0
491 0
492 1
493 1
494 0
495 1
496 1
497 1
498 0
499 1
500 1
501 0
502 0
503 1
504 0
505 0
506 0
507 1
508 1
509 1
510 1
511 0
512 1
513 1
514 0
515 1
516 0
517 1
518 1
519 1
520 0
521 0
522 1
523 1
524 0
525 1
526 1
527 1
528 1
529 1
530 0
531 0
532 1
533 1
534 0
535 1
536 1
537 0
538 0
539 0
540 1
541 1
542 1
543 0
544 1
545 0
546 1
547 0
548 0
549 0
550 1
551 1
552 0
553 1
554 0
555 0
556 1
557 1
558 0
559 1
560 0
561 0
562 0
563 0
564 1
565 1
566 1
567 1
568 1
569 1
570 1
571 0
572 0
573 1
574 1
575 0
576 0
577 1
578 1
579 0
580 0
581 0
582 1
583 0
584 0
585 1
586 1
587 1
588 1
589 0
590 0
591 1
592 0
593 0
594 1
595 1
596 1
597 1
598 1
599 1
600 0
601 1
602 1
603 0
604 1
605 1
606 1
607 0
608 1
609 1
610 1
611 1
612 0
613 1
614 1
615 1
616 1
617 1
618 1
619 0
620 1
621 0
622 1
623 1
624 1
625 1
626 1
627 0
628 1
629 0
